% The independent variables     The dependent variable
% X1      X2                    Y

data = [
 100.0   2.0                   25.0
 220.0   2.0                   14.0
 100.0   4.0                    6.9
 220.0   4.0                    5.9
  75.1   3.0                   14.1
 244.8   3.0                    9.3
 160.0   1.5                   18.2
 160.0   4.4                    5.6
 160.0   3.0                    9.6
  75.1   3.0                   14.9
  75.1   3.0                   14.8
        ];
  x = data(:,1:2); y = data(:,3);

